solid pixelfacet normal vertex 0 0.85065080835204 0.5257311121191337 
 
outer loop 
vertex 0 24.977546284116297 65.39206512739011 
vertex 40.41451884327381 40.41451884327381 40.41451884327381 
vertex -40.41451884327381 40.41451884327381 40.41451884327381 
endloop 
endfacet 
facet normal vertex 0 0.8506508083520399 0.5257311121191336 
 
outer loop 
vertex 40.41451884327381 40.41451884327381 40.41451884327381 
vertex 24.977546284116297 65.39206512739011 0 
vertex -40.41451884327381 40.41451884327381 40.41451884327381 
endloop 
endfacet 
facet normal vertex 0 0.8506508083520401 0.5257311121191337 
 
outer loop 
vertex 24.977546284116297 65.39206512739011 0 
vertex -24.977546284116297 65.39206512739011 0 
vertex -40.41451884327381 40.41451884327381 40.41451884327381 
endloop 
endfacet 
facet normal vertex 0.8506508083520401 0.5257311121191337 0 
 
outer loop 
vertex 65.39206512739011 0 24.977546284116297 
vertex 65.39206512739011 0 -24.977546284116297 
vertex 40.41451884327381 40.41451884327381 40.41451884327381 
endloop 
endfacet 
facet normal vertex 0.8506508083520399 0.5257311121191336 0 
 
outer loop 
vertex 65.39206512739011 0 -24.977546284116297 
vertex 40.41451884327381 40.41451884327381 -40.41451884327381 
vertex 40.41451884327381 40.41451884327381 40.41451884327381 
endloop 
endfacet 
facet normal vertex 0.85065080835204 0.5257311121191337 0 
 
outer loop 
vertex 40.41451884327381 40.41451884327381 -40.41451884327381 
vertex 24.977546284116297 65.39206512739011 0 
vertex 40.41451884327381 40.41451884327381 40.41451884327381 
endloop 
endfacet 
facet normal vertex 0.5257311121191336 0 -0.85065080835204 
 
outer loop 
vertex 40.41451884327381 -40.41451884327381 -40.41451884327381 
vertex 0 -24.977546284116297 -65.39206512739011 
vertex 65.39206512739011 0 -24.977546284116297 
endloop 
endfacet 
facet normal vertex 0.5257311121191337 0 -0.85065080835204 
 
outer loop 
vertex 0 -24.977546284116297 -65.39206512739011 
vertex 0 24.977546284116297 -65.39206512739011 
vertex 65.39206512739011 0 -24.977546284116297 
endloop 
endfacet 
facet normal vertex 0.5257311121191337 -4.7900971847624225e-17 -0.85065080835204 
 
outer loop 
vertex 0 24.977546284116297 -65.39206512739011 
vertex 40.41451884327381 40.41451884327381 -40.41451884327381 
vertex 65.39206512739011 0 -24.977546284116297 
endloop 
endfacet 
facet normal vertex -0.5257311121191336 4.7900971847624225e-17 -0.85065080835204 
 
outer loop 
vertex -40.41451884327381 -40.41451884327381 -40.41451884327381 
vertex -65.39206512739011 0 -24.977546284116297 
vertex 0 -24.977546284116297 -65.39206512739011 
endloop 
endfacet 
facet normal vertex -0.5257311121191336 -2.960442869598362e-17 -0.8506508083520399 
 
outer loop 
vertex -65.39206512739011 0 -24.977546284116297 
vertex -40.41451884327381 40.41451884327381 -40.41451884327381 
vertex 0 -24.977546284116297 -65.39206512739011 
endloop 
endfacet 
facet normal vertex -0.5257311121191337 0 -0.8506508083520401 
 
outer loop 
vertex -40.41451884327381 40.41451884327381 -40.41451884327381 
vertex 0 24.977546284116297 -65.39206512739011 
vertex 0 -24.977546284116297 -65.39206512739011 
endloop 
endfacet 
facet normal vertex -0.85065080835204 -0.5257311121191337 0 
 
outer loop 
vertex -24.977546284116297 -65.39206512739011 0 
vertex -40.41451884327381 -40.41451884327381 40.41451884327381 
vertex -40.41451884327381 -40.41451884327381 -40.41451884327381 
endloop 
endfacet 
facet normal vertex -0.8506508083520401 -0.5257311121191334 0 
 
outer loop 
vertex -40.41451884327381 -40.41451884327381 40.41451884327381 
vertex -65.3920651273901 0 24.97754628411629 
vertex -40.41451884327381 -40.41451884327381 -40.41451884327381 
endloop 
endfacet 
facet normal vertex -0.8506508083520399 -0.5257311121191337 2.4198684116836723e-16 
 
outer loop 
vertex -65.3920651273901 0 24.97754628411629 
vertex -65.39206512739011 0 -24.977546284116297 
vertex -40.41451884327381 -40.41451884327381 -40.41451884327381 
endloop 
endfacet 
facet normal vertex 0 0.85065080835204 -0.5257311121191337 
 
outer loop 
vertex 0 24.977546284116297 -65.39206512739011 
vertex -40.41451884327381 40.41451884327381 -40.41451884327381 
vertex 40.41451884327381 40.41451884327381 -40.41451884327381 
endloop 
endfacet 
facet normal vertex 0 0.8506508083520399 -0.5257311121191336 
 
outer loop 
vertex -40.41451884327381 40.41451884327381 -40.41451884327381 
vertex -24.977546284116297 65.39206512739011 0 
vertex 40.41451884327381 40.41451884327381 -40.41451884327381 
endloop 
endfacet 
facet normal vertex 0 0.8506508083520401 -0.5257311121191337 
 
outer loop 
vertex -24.977546284116297 65.39206512739011 0 
vertex 24.977546284116297 65.39206512739011 0 
vertex 40.41451884327381 40.41451884327381 -40.41451884327381 
endloop 
endfacet 
facet normal vertex -0.8506508083520399 0.5257311121191337 2.4198684116836723e-16 
 
outer loop 
vertex -65.39206512739011 0 -24.977546284116297 
vertex -65.3920651273901 0 24.97754628411629 
vertex -40.41451884327381 40.41451884327381 -40.41451884327381 
endloop 
endfacet 
facet normal vertex -0.8506508083520401 0.5257311121191334 0 
 
outer loop 
vertex -65.3920651273901 0 24.97754628411629 
vertex -40.41451884327381 40.41451884327381 40.41451884327381 
vertex -40.41451884327381 40.41451884327381 -40.41451884327381 
endloop 
endfacet 
facet normal vertex -0.85065080835204 0.5257311121191337 0 
 
outer loop 
vertex -40.41451884327381 40.41451884327381 40.41451884327381 
vertex -24.977546284116297 65.39206512739011 0 
vertex -40.41451884327381 40.41451884327381 -40.41451884327381 
endloop 
endfacet 
facet normal vertex -0.5257311121191337 2.874058310857453e-16 0.8506508083520399 
 
outer loop 
vertex -40.41451884327381 -40.41451884327381 40.41451884327381 
vertex 0 -24.977546284116297 65.39206512739011 
vertex -65.3920651273901 0 24.97754628411629 
endloop 
endfacet 
facet normal vertex -0.5257311121191338 0 0.8506508083520399 
 
outer loop 
vertex 0 -24.977546284116297 65.39206512739011 
vertex 0 24.977546284116297 65.39206512739011 
vertex -65.3920651273901 0 24.97754628411629 
endloop 
endfacet 
facet normal vertex -0.5257311121191337 -3.3530680293336957e-16 0.8506508083520399 
 
outer loop 
vertex 0 24.977546284116297 65.39206512739011 
vertex -40.41451884327381 40.41451884327381 40.41451884327381 
vertex -65.3920651273901 0 24.97754628411629 
endloop 
endfacet 
facet normal vertex 2.419868411683673e-16 -0.85065080835204 -0.5257311121191333 
 
outer loop 
vertex 24.97754628411629 -65.3920651273901 0 
vertex -24.977546284116297 -65.39206512739011 0 
vertex 40.41451884327381 -40.41451884327381 -40.41451884327381 
endloop 
endfacet 
facet normal vertex 0 -0.8506508083520399 -0.5257311121191336 
 
outer loop 
vertex -24.977546284116297 -65.39206512739011 0 
vertex -40.41451884327381 -40.41451884327381 -40.41451884327381 
vertex 40.41451884327381 -40.41451884327381 -40.41451884327381 
endloop 
endfacet 
facet normal vertex 0 -0.85065080835204 -0.5257311121191337 
 
outer loop 
vertex -40.41451884327381 -40.41451884327381 -40.41451884327381 
vertex 0 -24.977546284116297 -65.39206512739011 
vertex 40.41451884327381 -40.41451884327381 -40.41451884327381 
endloop 
endfacet 
facet normal vertex 0.5257311121191336 0 0.85065080835204 
 
outer loop 
vertex 0 -24.977546284116297 65.39206512739011 
vertex 40.41451884327381 -40.41451884327381 40.41451884327381 
vertex 0 24.977546284116297 65.39206512739011 
endloop 
endfacet 
facet normal vertex 0.5257311121191336 2.960442869598362e-17 0.8506508083520399 
 
outer loop 
vertex 40.41451884327381 -40.41451884327381 40.41451884327381 
vertex 65.39206512739011 0 24.977546284116297 
vertex 0 24.977546284116297 65.39206512739011 
endloop 
endfacet 
facet normal vertex 0.5257311121191337 -4.7900971847624225e-17 0.85065080835204 
 
outer loop 
vertex 65.39206512739011 0 24.977546284116297 
vertex 40.41451884327381 40.41451884327381 40.41451884327381 
vertex 0 24.977546284116297 65.39206512739011 
endloop 
endfacet 
facet normal vertex 0.85065080835204 -0.5257311121191337 -2.8740583108574534e-16 
 
outer loop 
vertex 40.41451884327381 -40.41451884327381 40.41451884327381 
vertex 24.97754628411629 -65.3920651273901 0 
vertex 65.39206512739011 0 24.977546284116297 
endloop 
endfacet 
facet normal vertex 0.8506508083520399 -0.5257311121191339 2.0723100087188537e-16 
 
outer loop 
vertex 24.97754628411629 -65.3920651273901 0 
vertex 40.41451884327381 -40.41451884327381 -40.41451884327381 
vertex 65.39206512739011 0 24.977546284116297 
endloop 
endfacet 
facet normal vertex 0.8506508083520401 -0.5257311121191337 0 
 
outer loop 
vertex 40.41451884327381 -40.41451884327381 -40.41451884327381 
vertex 65.39206512739011 0 -24.977546284116297 
vertex 65.39206512739011 0 24.977546284116297 
endloop 
endfacet 
facet normal vertex 2.4198684116836723e-16 -0.8506508083520399 0.5257311121191337 
 
outer loop 
vertex -24.977546284116297 -65.39206512739011 0 
vertex 24.97754628411629 -65.3920651273901 0 
vertex -40.41451884327381 -40.41451884327381 40.41451884327381 
endloop 
endfacet 
facet normal vertex 0 -0.8506508083520401 0.5257311121191334 
 
outer loop 
vertex 24.97754628411629 -65.3920651273901 0 
vertex 40.41451884327381 -40.41451884327381 40.41451884327381 
vertex -40.41451884327381 -40.41451884327381 40.41451884327381 
endloop 
endfacet 
facet normal vertex 0 -0.85065080835204 0.5257311121191337 
 
outer loop 
vertex 40.41451884327381 -40.41451884327381 40.41451884327381 
vertex 0 -24.977546284116297 65.39206512739011 
vertex -40.41451884327381 -40.41451884327381 40.41451884327381 
endloop 
endfacet 
endsolid